0.0	100.00	0.00	0.00	0.000	50.00	30.00
0.1	98.02	15.67	49.01	40.547	49.71	29.74
0.2	96.08	31.09	96.08	69.315	49.44	29.47
0.3	94.18	46.02	141.26	91.629	49.19	29.21
0.4	92.31	60.22	184.62	109.861	48.96	28.95
0.5	90.48	73.47	226.21	125.276	48.75	28.69
0.6	88.69	85.57	266.08	138.629	48.56	28.42
0.7	86.94	96.31	304.28	150.408	48.39	28.16
0.8	85.21	105.54	340.86	160.944	48.24	27.90
0.9	83.53	113.10	375.87	170.475	48.11	27.65
1.0	81.87	118.88	409.37	179.176	48.00	27.39
1.1	80.25	122.79	441.39	187.180	47.91	27.13
1.2	78.66	124.75	471.98	194.591	47.84	26.87
1.3	77.11	124.75	501.18	201.490	47.79	26.62
1.4	75.58	122.79	529.05	207.944	47.76	26.36
1.5	74.08	118.88	555.61	214.007	47.75	26.10
1.6	72.61	113.10	580.92	219.722	47.76	25.85
1.7	71.18	105.54	605.00	225.129	47.79	25.59
1.8	69.77	96.31	627.91	230.259	47.84	25.34
1.9	68.39	85.57	649.67	235.138	47.91	25.09
2.0	67.03	73.47	670.32	239.790	48.00	24.83
2.1	65.70	60.22	689.90	244.235	48.11	24.58
2.2	64.40	46.02	708.44	248.491	48.24	24.33
2.3	63.13	31.09	725.98	252.573	48.39	24.08
2.4	61.88	15.67	742.54	256.495	48.56	23.83
2.5	60.65	0.00	758.16	260.269	48.75	23.58
2.6	59.45	-15.67	772.88	263.906	48.96	23.33
2.7	58.27	-31.09	786.71	267.415	49.19	23.08
2.8	57.12	-46.02	799.69	270.805	49.44	22.83
2.9	55.99	-60.22	811.85	274.084	49.71	22.58
3.0	54.88	-73.47	823.22	277.259	50.00	22.33
3.1	53.79	-85.57	833.81	280.336	50.31	22.09
3.2	52.73	-96.31	843.67	283.321	50.64	21.84
3.3	51.69	-105.54	852.80	286.220	50.99	21.59
3.4	50.66	-113.10	861.25	289.037	51.36	21.35
3.5	49.66	-118.88	869.02	291.777	51.75	21.10
3.6	48.68	-122.79	876.15	294.444	52.16	20.85
3.7	47.71	-124.75	882.66	297.041	52.59	20.61
3.8	46.77	-124.75	888.57	299.573	53.04	20.37
3.9	45.84	-122.79	893.89	302.042	53.51	20.12
4.0	44.93	-118.88	898.66	304.452	54.00	19.88
4.1	44.04	-113.10	902.88	306.805	54.51	19.63
4.2	43.17	-105.54	906.59	309.104	55.04	19.39
4.3	42.32	-96.31	909.80	311.352	55.59	19.15
4.4	41.48	-85.57	912.52	313.549	56.16	18.91
4.5	40.66	-73.47	914.78	315.700	56.75	18.66
4.6	39.85	-60.22	916.59	317.805	57.36	18.42
4.7	39.06	-46.02	917.98	319.867	57.99	18.18
4.8	38.29	-31.09	918.94	321.888	58.64	17.94
4.9	37.53	-15.67	919.51	323.868	59.31	17.70
5.0	36.79	0.00	919.70	325.810	60.00	17.46
5.1	36.06	15.67	919.52	327.714	60.71	17.22
5.2	35.35	31.09	918.98	329.584	61.44	16.98
5.3	34.65	46.02	918.11	331.419	62.19	16.74
5.4	33.96	60.22	916.91	333.220	62.96	16.50
5.5	33.29	73.47	915.40	334.990	63.75	16.26
5.6	32.63	85.57	913.58	336.730	64.56	16.02
5.7	31.98	96.31	911.48	338.439	65.39	15.78
5.8	31.35	105.54	909.11	340.120	66.24	15.55
5.9	30.73	113.10	906.47	341.773	67.11	15.31
6.0	30.12	118.88	903.58	343.399	68.00	15.07
6.1	29.52	122.79	900.45	344.999	68.91	14.83
6.2	28.94	124.75	897.09	346.574	69.84	14.60
6.3	28.37	124.75	893.51	348.124	70.79	14.36
6.4	27.80	122.79	889.72	349.651	71.76	14.12
6.5	27.25	118.88	885.73	351.155	72.75	13.89
6.6	26.71	113.10	881.55	352.636	73.76	13.65
6.7	26.18	105.54	877.18	354.096	74.79	13.41
6.8	25.67	96.31	872.65	355.535	75.84	13.18
6.9	25.16	85.57	867.95	356.953	76.91	12.94
7.0	24.66	73.47	863.09	358.352	78.00	12.71
7.1	24.17	60.22	858.08	359.731	79.11	12.47
7.2	23.69	46.02	852.94	361.092	80.24	12.24
7.3	23.22	31.09	847.66	362.434	81.39	12.01
7.4	22.76	15.67	842.26	363.759	82.56	11.77
7.5	22.31	0.00	836.74	365.066	83.75	11.54
7.6	21.87	-15.67	831.11	366.356	84.96	11.30
7.7	21.44	-31.09	825.37	367.630	86.19	11.07
7.8	21.01	-46.02	819.53	368.888	87.44	10.84
7.9	20.60	-60.22	813.60	370.130	88.71	10.60
8.0	20.19	-73.47	807.59	371.357	90.00	10.37
8.1	19.79	-85.57	801.49	372.569	91.31	10.14
8.2	19.40	-96.31	795.32	373.767	92.64	9.90
8.3	19.01	-105.54	789.08	374.950	93.99	9.67
8.4	18.64	-113.10	782.77	376.120	95.36	9.44
8.5	18.27	-118.88	776.40	377.276	96.75	9.21
8.6	17.91	-122.79	769.98	378.419	98.16	8.97
8.7	17.55	-124.75	763.51	379.549	99.59	8.74
8.8	17.20	-124.75	757.00	380.666	101.04	8.51
8.9	16.86	-122.79	750.44	381.771	102.51	8.28
9.0	16.53	-118.88	743.84	382.864	104.00	8.05
9.1	16.20	-113.10	737.22	383.945	105.51	7.82
9.2	15.88	-105.54	730.56	385.015	107.04	7.59
9.3	15.57	-96.31	723.88	386.073	108.59	7.35
9.4	15.26	-85.57	717.17	387.120	110.16	7.12
9.5	14.96	-73.47	710.45	388.156	111.75	6.89
9.6	14.66	-60.22	703.71	389.182	113.36	6.66
9.7	14.37	-46.02	696.96	390.197	114.99	6.43
9.8	14.09	-31.09	690.21	391.202	116.64	6.20
9.9	13.81	-15.67	683.44	392.197	118.31	5.97
10.0	13.53	0.00	676.68	393.183	120.00	5.74
10.1	13.27	15.67	669.91	394.158	121.71	5.51
10.2	13.00	31.09	663.15	395.124	123.44	5.28
10.3	12.75	46.02	656.39	396.081	125.19	5.05
10.4	12.49	60.22	649.64	397.029	126.96	4.82
10.5	12.25	73.47	642.90	397.968	128.75	4.59
10.6	12.00	85.57	636.17	398.898	130.56	4.36
10.7	11.77	96.31	629.45	399.820	132.39	4.13
10.8	11.53	105.54	622.76	400.733	134.24	3.90
10.9	11.30	113.10	616.08	401.638	136.11	3.67
11.0	11.08	118.88	609.42	402.535	138.00	3.44
11.1	10.86	122.79	602.78	403.424	139.91	3.21
11.2	10.65	124.75	596.17	404.305	141.84	2.98
11.3	10.44	124.75	589.58	405.178	143.79	2.75
11.4	10.23	122.79	583.02	406.044	145.76	2.52
11.5	10.03	118.88	576.49	406.903	147.75	2.29
11.6	9.83	113.10	569.99	407.754	149.76	2.06
11.7	9.63	105.54	563.52	408.598	151.79	1.83
11.8	9.44	96.31	557.08	409.434	153.84	1.60
11.9	9.26	85.57	550.68	410.264	155.91	1.38
12.0	9.07	73.47	544.31	411.087	158.00	1.15
12.1	8.89	60.22	537.98	411.904	160.11	0.92
12.2	8.72	46.02	531.68	412.713	162.24	0.69
12.3	8.54	31.09	525.42	413.517	164.39	0.46
12.4	8.37	15.67	519.21	414.313	166.56	0.23
12.5	8.21	0.00	513.03	415.104	168.75	0.00
12.6	8.05	-15.67	506.90	415.888	170.96	-0.23
12.7	7.89	-31.09	500.80	416.667	173.19	-0.46
12.8	7.73	-46.02	494.75	417.439	175.44	-0.69
12.9	7.58	-60.22	488.74	418.205	177.71	-0.92
13.0	7.43	-73.47	482.78	418.965	180.00	-1.15
13.1	7.28	-85.57	476.86	419.720	182.31	-1.38
13.2	7.14	-96.31	470.98	420.469	184.64	-1.60
13.3	6.99	-105.54	465.16	421.213	186.99	-1.83
13.4	6.86	-113.10	459.37	421.951	189.36	-2.06
13.5	6.72	-118.88	453.64	422.683	191.75	-2.29
13.6	6.59	-122.79	447.95	423.411	194.16	-2.52
13.7	6.46	-124.75	442.31	424.133	196.59	-2.75
13.8	6.33	-124.75	436.71	424.850	199.04	-2.98
13.9	6.20	-122.79	431.17	425.561	201.51	-3.21
14.0	6.08	-118.88	425.67	426.268	204.00	-3.44
14.1	5.96	-113.10	420.22	426.970	206.51	-3.67
14.2	5.84	-105.54	414.82	427.667	209.04	-3.90
14.3	5.73	-96.31	409.47	428.359	211.59	-4.13
14.4	5.61	-85.57	404.17	429.046	214.16	-4.36
14.5	5.50	-73.47	398.92	429.729	216.75	-4.59
14.6	5.39	-60.22	393.72	430.407	219.36	-4.82
14.7	5.29	-46.02	388.56	431.080	221.99	-5.05
14.8	5.18	-31.09	383.46	431.749	224.64	-5.28
14.9	5.08	-15.67	378.41	432.413	227.31	-5.51
15.0	4.98	0.00	373.40	433.073	230.00	-5.74
15.1	4.88	15.67	368.45	433.729	232.71	-5.97
15.2	4.78	31.09	363.55	434.381	235.44	-6.20
15.3	4.69	46.02	358.69	435.028	238.19	-6.43
15.4	4.60	60.22	353.89	435.671	240.96	-6.66
15.5	4.50	73.47	349.13	436.310	243.75	-6.89
15.6	4.42	85.57	344.43	436.945	246.56	-7.12
15.7	4.33	96.31	339.77	437.576	249.39	-7.35
15.8	4.24	105.54	335.16	438.203	252.24	-7.59
15.9	4.16	113.10	330.61	438.826	255.11	-7.82
16.0	4.08	118.88	326.10	439.445	258.00	-8.05
16.1	4.00	122.79	321.64	440.060	260.91	-8.28
16.2	3.92	124.75	317.23	440.672	263.84	-8.51
16.3	3.84	124.75	312.87	441.280	266.79	-8.74
16.4	3.76	122.79	308.55	441.884	269.76	-8.97
16.5	3.69	118.88	304.29	442.485	272.75	-9.21
16.6	3.62	113.10	300.07	443.082	275.76	-9.44
16.7	3.54	105.54	295.90	443.675	278.79	-9.67
16.8	3.47	96.31	291.78	444.265	281.84	-9.90
16.9	3.40	85.57	287.70	444.852	284.91	-10.14
17.0	3.34	73.47	283.67	445.435	288.00	-10.37
17.1	3.27	60.22	279.69	446.014	291.11	-10.60
17.2	3.21	46.02	275.76	446.591	294.24	-10.84
17.3	3.14	31.09	271.87	447.164	297.39	-11.07
17.4	3.08	15.67	268.02	447.734	300.56	-11.30
17.5	3.02	0.00	264.23	448.300	303.75	-11.54
17.6	2.96	-15.67	260.48	448.864	306.96	-11.77
17.7	2.90	-31.09	256.77	449.424	310.19	-12.01
17.8	2.84	-46.02	253.11	449.981	313.44	-12.24
17.9	2.79	-60.22	249.49	450.535	316.71	-12.47
18.0	2.73	-73.47	245.91	451.086	320.00	-12.71
18.1	2.68	-85.57	242.38	451.634	323.31	-12.94
18.2	2.63	-96.31	238.90	452.179	326.64	-13.18
18.3	2.57	-105.54	235.45	452.721	329.99	-13.41
18.4	2.52	-113.10	232.05	453.260	333.36	-13.65
18.5	2.47	-118.88	228.69	453.796	336.75	-13.89
18.6	2.42	-122.79	225.38	454.329	340.16	-14.12
18.7	2.38	-124.75	222.10	454.860	343.59	-14.36
18.8	2.33	-124.75	218.87	455.388	347.04	-14.60
18.9	2.28	-122.79	215.67	455.913	350.51	-14.83
19.0	2.24	-118.88	212.52	456.435	354.00	-15.07
19.1	2.19	-113.10	209.41	456.954	357.51	-15.31
19.2	2.15	-105.54	206.34	457.471	361.04	-15.55
19.3	2.11	-96.31	203.31	457.985	364.59	-15.78
19.4	2.07	-85.57	200.31	458.497	368.16	-16.02
19.5	2.02	-73.47	197.36	459.006	371.75	-16.26
19.6	1.98	-60.22	194.44	459.512	375.36	-16.50
19.7	1.94	-46.02	191.56	460.016	378.99	-16.74
19.8	1.91	-31.09	188.72	460.517	382.64	-16.98
19.9	1.87	-15.67	185.92	461.016	386.31	-17.22
20.0	1.83	0.00	183.16	461.512	390.00	-17.46
20.1	1.80	15.67	180.43	462.006	393.71	-17.70
20.2	1.76	31.09	177.73	462.497	397.44	-17.94
20.3	1.72	46.02	175.08	462.986	401.19	-18.18
20.4	1.69	60.22	172.46	463.473	404.96	-18.42
20.5	1.66	73.47	169.87	463.957	408.75	-18.66
20.6	1.62	85.57	167.32	464.439	412.56	-18.91
20.7	1.59	96.31	164.80	464.919	416.39	-19.15
20.8	1.56	105.54	162.32	465.396	420.24	-19.39
20.9	1.53	113.10	159.87	465.871	424.11	-19.63
21.0	1.50	118.88	157.45	466.344	428.00	-19.88
21.1	1.47	122.79	155.07	466.814	431.91	-20.12
21.2	1.44	124.75	152.72	467.283	435.84	-20.37
21.3	1.41	124.75	150.40	467.749	439.79	-20.61
21.4	1.38	122.79	148.12	468.213	443.76	-20.85
21.5	1.36	118.88	145.86	468.675	447.75	-21.10
21.6	1.33	113.10	143.64	469.135	451.76	-21.35
21.7	1.30	105.54	141.45	469.592	455.79	-21.59
21.8	1.28	96.31	139.28	470.048	459.84	-21.84
21.9	1.25	85.57	137.15	470.502	463.91	-22.09
22.0	1.23	73.47	135.05	470.953	468.00	-22.33
22.1	1.20	60.22	132.98	471.402	472.11	-22.58
22.2	1.18	46.02	130.93	471.850	476.24	-22.83
22.3	1.16	31.09	128.92	472.295	480.39	-23.08
22.4	1.13	15.67	126.93	472.739	484.56	-23.33
22.5	1.11	0.00	124.98	473.180	488.75	-23.58
22.6	1.09	-15.67	123.05	473.620	492.96	-23.83
22.7	1.07	-31.09	121.14	474.057	497.19	-24.08
22.8	1.05	-46.02	119.27	474.493	501.44	-24.33
22.9	1.03	-60.22	117.42	474.927	505.71	-24.58
23.0	1.01	-73.47	115.60	475.359	510.00	-24.83
23.1	0.99	-85.57		475.789	514.31	-25.09
23.2	0.97	-96.31		476.217	518.64	-25.34
23.3	0.95	-105.54		476.644	522.99	-25.59
23.4	0.93	-113.10		477.068	527.36	-25.85
23.5	0.91	-118.88		477.491	531.75	-26.10
23.6	0.89	-122.79		477.912	536.16	-26.36
23.7	0.87	-124.75		478.332	540.59	-26.62
23.8	0.86	-124.75		478.749	545.04	-26.87
23.9	0.84	-122.79		479.165	549.51	-27.13
24.0	0.82	-118.88		479.579	554.00	-27.39
24.1	0.81			479.991		-27.65
24.2	0.79			480.402		-27.90
24.3	0.78			480.811		-28.16
24.4	0.76			481.218		-28.42
24.5	0.74			481.624		-28.69
24.6	0.73			482.028		-28.95
24.7	0.72			482.431		-29.21
24.8	0.70			482.831		-29.47
24.9	0.69			483.231		-29.74
25.0	0.67			483.628		-30.00